8:([-0.06573932414983141, 0.3460910155186098, 0.5463478806982505], [-0.663705812260936, -0.5782233751895842, 0.3364093372424753, -0.3346357679377621])
7:([-0.37072336811298273, -1.1313126858400102, 0.53920624614728], [0.845258501354677, -0.27062426984649335, -0.1673357652482336, -0.429300951192441])
11:([0.9743679968717917, 1.9993601954359175, 3.4205626392556363], [0.27408098080488313, -0.6957969222081977, -0.3034746806979999, 0.5904653659080669])
10:([-2.300552567057276, 0.09826101053870366, 2.361397909005439], [-0.6996724868277117, 0.4380612423697543, -0.32090936060190534, -0.464303736152235])
0:([-1.5547214083671634, 3.3733264619343815, 3.1840237196826844], [0.20310620631534537, -0.9461041635353883, -0.003335571557281221, 0.25223730311572])
4:([1.7519200727427533, -3.610011914900328, 0.41525537055731176], [0.9389504477108178, -0.02718949740654856, -0.3398276929686201, 0.046366821295339866])
12:([1.5422419997190564, -3.0330276958103095, 2.5406450851383173], [0.6787461952866414, -0.27684432133792725, -0.6142240801853704, 0.29221508411986974])
6:([2.3469324382410788, 0.3993117119422015, -4.152832965560462], [-0.7111187363241597, -0.3572583727475477, 0.5317100756573155, 0.28976026351604217])
13:([-3.2352209635068423, -4.755185257098064, -1.1833160121532877], [0.7730193859794948, -0.5748902964544612, 0.1725814840423838, -0.20532378489837633])
1:([4.140470677923647, 3.5190553133976823, -2.4743049129233396], [0.6564229846954793, 0.6570921030739172, -0.24870075319506443, -0.27474858623681464])
3:([2.1636475350065063, -5.922657727113052, -1.4701016947915133], [-0.8937382562517392, 0.12011298708003271, 0.43215452850252684, 0.0068748567727331365])
14:([2.105894235993299, 3.151467376676236, -0.5987616304956545], [-0.5458726568206964, -0.8072516519211217, 0.19968517630534888, -0.10243841719826485])
